CYGNUS OA-8             
1 43006U 17071A   17341.46309469 -.00000154  00000-0  62714-5 0  9992
2 43006  51.6415 254.6053 0002919 218.7171 141.3605 15.38699094  3883
FENGYUN 3D              
1 43010U 17072A   17342.81886000 -.00000048  00000-0 -22540-5 0  9995
2 43010  98.6545 282.6321 0000847 153.6059 206.5195 14.19683716  3422
HEAD-1                  
1 43011U 17072B   17342.73741950  .00000113  00000-0  64903-4 0  9990
2 43011  98.6548 282.7396 0009694 188.4991 171.6028 14.26631663  3428
CZ-4C R/B               
1 43012U 17072C   17342.46110716 -.00000004  00000-0  11064-4 0  9991
2 43012  98.6043 283.4234 0127571 328.6997  30.6643 14.55983398  3454
JPSS-1                  
1 43013U 17073A   17342.43533090 -.00000039  00000-0  21446-5 0  9998
2 43013  98.7122 278.6666 0002580  79.2140 280.9327 14.21798058  2841
BUCCANEER RMM           
1 43014U 17073B   17342.37020694  .00000395  00000-0  38142-4 0  9997
2 43014  97.6910 276.6134 0257131 171.9751 188.5698 14.76839697  2945